0 4697 8236.16 9418.45 4544.58 7072.55 9122.22 3158.76 7149.01 3935.77 8125.18 5805.47 3409.42 6156.86 8983.35 6890.94 6513.49 7589.86 7588.53 5702.85 5823.05 9833.06 4591.13 543.545 638.346 1678.89 4327.87 7548.33 8032.33 1839.45 6150.58 3519.44 9142.6 5126.76 7038.18 7412.18 4317.58 2029.46 258.712 7436.42 7044 6714.93 7250.32 4065.51 8094.96 5822.34 6051.36 6959.38 1320.02 6671.31 3506.29 8289.45 4960.5 7805.01 1437.68 5275.89 1671.14 7346.49 4754.7 5074.9 4966.51 814.443 5692.52 4001.06 683.118 7539.15 8704.31 4312.91 6572.26 2040.47 7281.21 4828.1 3376.87 7876.63 8595.5 8675.87 3123.1 5077.32 2934.17 4635.55 2932.38 4351.59 10064.1 1600.96 5241.39 2600 7052.85 10785.5 8071.92 10214.2 3456.75 6705.31 7719.1 5388.11 6519.22 7921.58 7218.48 2075.52 4601.02 8561.99 7334.55 3626.04 7996.4 4697.13 7616.73 4407.3 3638.04 6585.4 7754.11 8154.97 432.666 1987.3 3087.32 5183.28 4466.1 8240.97 5670.01 5144.25 7486.06 1853.57 
4697 0 5117.24 5887.89 6954.34 5026.92 5608.85 2225.34 2452.05 6544.35 4885.23 2316.79 3726.25 6028.31 6456 2207.13 3820.02 5758.39 6003.29 3400.08 3768.5 6605.37 4768.29 4162.2 5067.22 4709.5 5991.85 7735.37 5664.63 3563.69 3745.42 6970.58 5605.46 2236.58 2341.43 6357.43 5303.09 6306.79 4941.68 6235.42 2970.13 2506.72 3720.07 1059.42 6601.02 1718.48 2188.78 7592.65 6016.19 2424.35 1190.71 7324.5 6413.63 4033.68 6120.21 5990.08 6333.77 2913.27 2110.6 1110.12 579.908 4671.88 3652.13 1807.28 4050.09 7653.43 8103.73 1572.59 2118.18 5008.2 6292.21 4797.29 2367.45 3235.69 4463.89 7284.01 5616.62 557.403 2076.13 6359.35 2369.09 2684.2 6870.91 4719.14 5693.03 5864.38 2427.02 8444.97 3681.49 7114.08 5247.05 2228.45 4659.98 6902.16 5949.08 4547.14 7902.31 5387.12 525.83 7894.44 2735.07 1075.13 9956.9 6664.54 9111.61 2117.69 6528 5317.73 8775.39 9574.76 4470.84 5273.4 6651.59 7028.09 567.544 9699.51 6663.22 6411.11 2801.39 4262.21 
8236.16 5117.24 0 1324.59 7387.07 1831.59 1075.67 5161.11 4705.65 7385.62 284.972 2833.59 5081.43 4369.96 1549.69 4966.13 1725.2 2125.12 2518.57 2544.63 2506.95 1603.57 4653.12 7859.75 8237 9067.91 6273.58 5400.49 1318.53 6418.82 2116.26 8420.32 1120.25 3261.94 4636.24 3317.6 5472.97 10241.9 8391.01 3091.69 2471.6 2926.42 1435.86 6135.53 2848 6213.36 2938.34 5826.23 9326.17 6345.87 5671.92 3851.95 6198.92 1467.1 9326.47 5304.84 9434.73 3191.45 3609.85 4029.44 5517.16 7723.02 2616.81 6907.69 7584.85 5275.48 4728.49 4221.91 3525.66 7162.67 3381.63 4427.55 4889.81 5550.16 2202.85 3331.05 6928.75 5380.32 5509.47 6451.23 7190.17 3884.14 1849.18 9043.02 4964.66 7680.2 3965.15 3429.32 2954.11 2045.57 6227.08 5826.51 518.202 6453.64 3826.59 656.544 6047.56 7533.98 5635.3 4524.4 3801.89 5570.27 8783.89 6814.02 7680.27 3917.28 7644.24 2889.87 6942.76 7916.09 8254.51 7475.62 8347.35 6851.56 4781.3 8048.24 5808.21 6006.67 5052.72 8741.49 
9418.45 5887.89 1324.59 0 8708.41 3124.2 295.743 6289.84 4915.09 8710.19 1329.45 3763.22 6357.71 5644.57 2120.02 5238.89 2974.85 3288.7 3659.6 3790.6 3800.08 924.1 5977.03 9013.73 9458.68 10137.1 7597.41 6537.84 2418.88 7626.1 3389.02 9742.33 284.972 4329.93 4877.14 4465.74 6797.55 11399.8 9585.85 4241.98 2958.52 3446.41 2237.59 6942.18 3859.32 6705.4 3724.07 7029.39 10549.9 6673.14 6616.14 4834.04 7512.88 1855.83 10560.4 6613.73 10679.6 3419.48 4696.88 4872.12 6198.24 8946.51 3900.01 7694.27 8753.56 6410.48 5666.04 5252.33 3991.13 8445.24 4550.26 5752.22 6043.7 5585.92 1903.02 4197.72 8245.42 6048.19 6602.82 7772.23 8114.62 5081.26 1162 10119.4 6278.88 8985.81 4231.16 3417.49 2900.32 1461.44 7545.4 6139.3 1780.45 7755.53 5080.55 1495.78 7230.24 8822.2 6379.63 5477.61 3985.84 6505 9982.87 8132.79 8869.88 5029.96 8967.68 4172.21 8098.3 9070.73 9405.1 8760.38 9662.3 8159.48 5646.85 9199.53 7098.02 7316.1 5172.93 9781.02 
4544.58 6954.34 7387.07 8708.41 0 5609.06 8462.09 4741.01 8974.95 609.314 7439.74 6390.56 3266.65 3311.44 7303.6 8891.52 5958.64 5692.61 5455.14 5298.65 5103.78 8683.98 2811.23 4739.64 3973.71 6222.56 1141.74 3824.97 6489.66 3803.5 5538.12 1600.67 8503.62 5687.99 8846.97 4845.17 1982.16 5987.22 4431.73 4998.16 7647.49 7594.57 7179.62 7006.91 5688.23 8619.01 6843.69 3042.39 4507.59 9376.93 6065.52 5336.9 1263.55 7805.87 4348.49 2167.07 4237.11 8349.71 5456.02 6531.89 7485.24 3759.74 5055.85 7399.06 4476.12 3877.9 5333.72 5582.69 7822.48 2570.65 4706.15 2997.05 4590.78 9956.03 8840.26 5998.22 1517.84 7506.72 4990.58 940.685 6593.32 4674.93 8830.05 6145.19 2459.75 1972.03 8510.07 8530.36 8831.85 8845.69 1707.36 9161.97 6984.65 1302.18 3905.1 7446.49 3194.97 2468.1 7206.4 5280.24 8664.54 6116.47 3461.25 601.788 3119.14 5196.09 965.984 4619.78 3429.56 3653.84 4937.2 2558.55 1879.13 875.069 6433.03 3728.48 1962.38 1507.08 9418.21 6338.61 
7072.55 5026.92 1831.59 3124.2 5609.06 0 2900.4 4278.56 5482.71 5657.39 1955.25 2825.22 3705.36 2539.41 1922.69 5640.77 1290.38 733.698 1040.47 1669.86 1367.96 3092.66 2975.62 6778.23 6959.16 8159.56 4520.68 3699.33 977.68 5235.17 1281.83 6743.45 2946.37 2806.96 5382.4 1685.15 3756.64 9103.31 7186.36 1481 3292.31 3583.58 2294.81 5892.59 1610.01 6488.17 3183.08 4040.58 8022.82 6844.59 5190.12 2490.35 4395.05 2764.72 7993 3491.21 8066.49 4146.95 3031.91 3940.05 5546.14 6450.03 1505.99 6653.72 6474.99 3578.05 3366.33 3693.14 4133.5 5703.16 1704.83 2728.15 3955.18 6459.63 3760.76 2281.15 5304.92 5443.6 4695.12 4668.99 6657.01 2918.49 3262.38 8121.41 3161.81 6106.2 4760.8 3747.83 4219.92 3324.54 4592.87 6379.23 1550.22 4630.4 2009.02 2098.1 4281.15 6041.71 5544.88 3147.75 4712.79 5118.34 6990.46 5025.52 5896.34 3215.19 5945.59 1058 5197.62 6166.84 7171.9 6001.29 6715.38 5035.51 4545.31 6299.79 3977.21 4193.44 5903.48 7910.77 
9122.22 5608.85 1075.67 295.743 8462.09 2900.4 0 5992.77 4704.97 8452.81 1049.06 3469.46 6072.96 5432.31 2069.88 5020.4 2688.61 3114.79 3494.08 3503.05 3520.72 1097.46 5716.84 8716.81 9165.64 9841.69 7345.01 6381.77 2253.36 7332.79 3105.75 9475.01 52.8015 4033.68 4661.97 4301.95 6539.76 11103.7 9291.05 4076.08 2695.73 3184.61 1943.9 6661.23 3733.03 6459.8 3439.31 6850.47 10255.9 6450.97 6324.65 4721.75 7274.62 1584.92 10267.4 6379.91 10387.8 3195.74 4400.57 4586.84 5928.57 8653.7 3619.04 7415.9 8457.82 6254.72 5568.68 4957.03 3738.98 8160.29 4379.08 5495.4 5747.07 5409.02 1748.73 4112.85 7973.64 5779.66 6306.6 7527.01 7825.23 4787.7 1355.33 9823 6041.31 8708.97 4008.36 3524.53 2718.04 1644.95 7275.53 5917.66 1505.01 7527.97 4878.25 1199.29 7059.23 8539.34 6103.82 5374.87 3774.21 6214.04 9806.88 7890.21 8696.51 4734.25 8704.14 3954.35 7938.21 8911.11 9108.12 8475.56 9390.46 7926.55 5360.3 9041.81 6878.57 7082.93 4979.07 9486.57 
3158.76 2225.34 5161.11 6289.84 4741.01 4278.56 5992.77 0 4462.1 4319.62 5024.29 2649.58 1591.56 4344.87 6096.65 4302.24 3470.01 4916.74 5030.09 2704.31 2921.92 6765.34 2844.08 2726.36 3311.97 3926.02 3823.25 6033.33 5167.08 1527.75 3161.55 4778.38 6010.22 1970.88 4336.94 5116.87 3210.32 5111.53 3351.5 5063.45 3914.44 3626.11 4096.89 2355.35 5607.72 3877.87 2922.49 5736.32 4380.18 4639.35 1394.41 6090.48 4298.24 4645.47 4429.93 4017.59 4596.37 4312.62 1599.13 2085.5 2743.92 2829.53 2782.78 2919.69 2481.28 5975.03 6733.21 1190.61 3588.21 2860.45 5014.61 2953.66 335.185 5367.85 5450.45 6266.34 3392 2770.93 437.824 4198.05 2522.1 1360.23 7008.53 3895.74 3775.72 3691.76 4173.52 8016.34 4996.62 7183.46 3034.31 4451.91 4642.55 4797.2 4447.3 4795.02 6044.04 3257.62 2469.03 6546.29 4411.66 1415.98 7852.49 4483.52 7081.29 1258.67 4304.41 4116.68 6853.15 7572.7 3115.65 3150.37 4484.65 4873.62 1740.12 7692.66 4659.94 4332.33 4872.49 3641.27 
7149.01 2452.05 4705.65 4915.09 8974.95 5482.71 4704.97 4462.1 0 8648.33 4421.38 2861.73 5718.35 7298.1 6250.1 380.489 4210.78 6175.32 6521.77 4274.41 4645.49 5803.26 6425.41 6614.53 7512.23 7054.75 7909.75 8894.98 5734.65 5928.57 4389.53 9228.01 4679.01 3391.66 127.142 7113.04 7124.64 8711.2 7394.66 6932.87 2267.16 1902.27 3357.78 3253.17 7062.62 2067.79 2403.05 8957.99 8469.24 1783.62 3643.45 7973.61 8214.81 3258.4 8572.44 7602.88 8784.2 1525.5 3547.41 2449.39 2267.11 7102.61 4587.68 3753.57 6501.69 8790.89 8844.41 3411.33 1360.68 7322.52 7095.19 6367.71 4491.23 1023.61 3066.31 7698.57 7783.29 2128.28 4430.85 8248.16 4641.68 4324.61 6059.93 7073.21 7259.07 8151.8 743.806 8102.02 2052.46 6350.68 7302.76 1255.06 4430.95 8665.67 7030.11 4048.07 9254.27 7716.28 2623.13 8625.72 929.852 3525.39 11633.1 8590.63 10672.2 3780.08 8696.31 6175.72 10180.5 11074.3 6917.76 7606.91 8944.92 8881.76 2761.59 11206.4 8278.62 8152.9 454.104 6583.08 
3935.77 6544.35 7385.62 8710.19 609.314 5657.39 8452.81 4319.62 8648.33 0 7415.01 6159.97 2933.53 3527.16 7430.53 8544.39 5874.23 5817.69 5614.94 5166.58 5010.71 8750.35 2737.17 4141.05 3363.33 5615.32 1153.92 4259.81 6576.27 3273.84 5447.07 1182.02 8491.82 5436.36 8520.85 5066.99 1912.56 5392.45 3821.51 5200.22 7447.58 7358.13 7060.19 6531.45 5903.28 8181.1 6599.99 3505.5 3916.08 8956.88 5603.9 5645.21 1543.83 7690.43 3761.98 2361.01 3661.49 8112.58 5175.33 6198.54 7058.59 3155.79 4947.47 6887.84 3883.3 4300.04 5722.62 5237.85 7544.84 1980.25 4925.09 2957.97 4200.67 9612.82 8710.22 6269.78 972.247 7090.21 4535.28 1151.37 6051.08 4404.11 8911.42 5537.6 2593.04 1364.33 8219.94 8767.23 8634.67 8947.51 1350.76 8766.61 6956.9 1746.35 4100.51 7391.09 3687.53 1860.34 6766.49 5650.97 8393.12 5661.89 4063.56 959.918 3722.07 4892.89 404.5 4719.44 3996.25 4258.06 4331.65 1952.76 1365.5 1384.73 6041.11 4334.69 2322.01 1799.04 9085.09 5737.13 
8125.18 4885.23 284.972 1329.45 7439.74 1955.25 1049.06 5024.29 4421.38 7415.01 0 2623.78 5028.84 4490.74 1835.82 4685.29 1646.42 2324.04 2720.17 2465.17 2470.73 1764.23 4677.19 7736.75 8146.93 8914.19 6316.81 5586.91 1556.11 6320.23 2059.28 8428.33 1084.33 3096.72 4352.83 3509.01 5504.75 10121.7 8286.65 3284.41 2194.66 2653.72 1179.57 5912.4 3081.81 5948.83 2699.91 5984.76 9237.65 6068.29 5478.22 4084.96 6270.27 1182.09 9244.42 5385.96 9359.58 2906.88 3453.03 3808.03 5272.18 7634.24 2570.68 6682.27 7467.88 5462.26 4967.16 4048.2 3252.43 7115.14 3564.95 4460.26 4763.38 5265 1949.52 3587.16 6924.4 5133.18 5359.77 6508.89 6993.51 3776.91 2020.59 8891.39 5039.59 7659.04 3682.6 3703.17 2673.87 2240.5 6228.44 5547.56 458.416 6543.35 3963.93 375.085 6214.03 7492.44 5401.1 4759.95 3517.26 5373.04 8939.23 6874.46 7840.66 3771.33 7661.74 3011.7 7118.13 8090.98 8130.35 7430.14 8341.03 6930.49 4567.31 8223.36 5910.96 6085.67 4767.97 8577.94 
5805.47 2316.79 2833.59 3763.22 6390.56 2825.22 3469.46 2649.58 2861.73 6159.97 2623.78 0 3290.03 4436.25 4138.13 2934.88 1551.97 3557.52 3851.85 1416.15 1793.37 4381 3678.5 5356.49 5949.31 6387.06 5271.69 6041.32 3364.98 4125.83 1595.85 6937.33 3477.75 751.15 2743.03 4343.74 4445.98 7725.54 6001.01 4183.73 1325.08 1203.34 1524.97 3307.86 4433.92 3664.71 472.128 6097.97 7025.84 4034.29 2862.19 5260.44 5489.96 2012.77 7068.49 4803.11 7225.37 1958.25 1094.33 1209.8 2778.39 5455.43 1728.26 4082.91 5125.15 5939.57 6100.69 1514.68 1528.42 5246.3 4308.51 3583.1 2474.11 3883.77 2809.29 5106.31 5412.19 2660.2 2898 5578.65 4372.33 1782.64 4641.2 6371.84 4450.48 5966.9 2234.15 6126.93 2494.35 4865 4819.67 3590.05 2355.91 5911.44 4177.12 2316.89 6393.25 5650.47 2842.97 5883.74 2321.64 2753.75 8815.09 5938.43 7830.51 1446.39 6287.07 3358.2 7320.78 8221.63 5737.79 5561.4 6735.74 6172.48 1948.15 8354.21 5469.87 5397.93 3312.19 6020.28 
3409.42 3726.25 5081.43 6357.71 3266.65 3705.36 6072.96 1591.56 5718.35 2933.53 5028.84 3290.03 0 2966.77 5628.35 5625.64 3383.09 4185.1 4178.52 2573.48 2575.81 6627.02 1365.41 3190.46 3253.48 4702.24 2264.23 4585.49 4680.42 1621.83 2970.34 3647.16 6102.57 2544.85 5590.35 4042 1617.49 5429.93 3500.93 4047.71 4607.45 4466.52 4402.12 3946.7 4692.06 5425.33 3706.87 4208.29 4316.88 6149.72 2986.06 4960.85 2710.34 5023.65 4292.55 2457.71 4377.39 5216.44 2256.73 3270.54 4278.27 2748.14 2464.65 4485.45 2870.49 4541.3 5482.07 2316.55 4618.88 2087.16 3917.39 1543.79 1367.47 6691.54 5987.19 5289.65 2125.05 4284.21 1950.91 2632.99 3942.26 1506.51 6838.03 4649.23 2251.24 2705.22 5288.42 7383.52 5784.28 6953.43 1583.59 5908.8 4585.16 3207.85 3209.79 4905.84 4511.51 2469.66 4031.85 5315.33 5467.46 3006.89 6264.65 2939.4 5491.44 1960.6 3015.24 3176.93 5288.62 5986.19 3568.52 2403.13 3456.31 3303.22 3186.77 6104.15 3081.27 2740.8 6158.57 4560.42 
6156.86 6028.31 4369.96 5644.57 3311.44 2539.41 5432.31 4344.87 7298.1 3527.16 4490.74 4436.25 2966.77 0 4028.12 7350.94 3351.26 2438.68 2161.38 3032.62 2681.17 5481.04 1611.7 6049.48 5828.94 7607.72 2394.09 1711.38 3286.57 4527.79 3021.68 4701.36 5480.62 3981.47 7179.2 1539.76 1917.25 8081.96 6182.74 1686.45 5394.84 5530.86 4599.66 6576.24 2381.35 7716.63 4900.78 1662.83 6758.89 8283.92 5664.08 2200.33 2047.56 5165.38 6670.61 1166.25 6668.57 6225.7 3964.1 5155.7 6607.65 5384.46 2718.63 7229.45 5725.22 1640.43 2549.06 4456.36 5958.6 4307.8 1399.06 1425.31 4028.55 8320.6 6203.22 2756.44 3524.23 6557.68 4770.07 2399.9 6843.78 3349.27 5600.01 7548.63 987.171 4381.25 6658.35 5239.65 6487.55 5587.93 2884.05 7910.09 4068.62 2162.04 599.554 4599.52 1955.63 4530.83 6466.57 2403.87 6702.78 5645.99 4515.5 2708.49 3458.72 3909.36 3889.04 1480.46 2886.16 3806.14 6398.22 4536.26 4794.57 2602.13 5462.79 3940.62 1471.78 1806.65 7749.05 7505.85 
8983.35 6456 1549.69 2120.02 7303.6 1922.69 2069.88 6096.65 6250.1 7430.53 1835.82 4138.13 5628.35 4028.12 0 6501.53 2703.5 1612.89 1869.3 3395.31 3188.79 1566.13 4836.17 8673.15 8881.32 10014.4 6276.4 4584.19 949.823 7142.94 2942.19 8556.78 2122.36 4389.36 6177.65 2609.15 5570.76 11013.3 9103.42 2405.01 3999.56 4435.04 2927.14 7425.98 1860.72 7681.4 4339.25 5173.41 9946.09 7863.08 6845.51 2772.54 6048.34 3017.26 9916.04 5137.31 9987.89 4740.78 4687.9 5346.01 6904.84 8372.19 3325.26 8201.16 8374.23 4457.28 3568.42 5344.86 5037.08 7617.2 2724.11 4579.78 5787.68 7100.78 3659.9 2092.64 7166.61 6777.87 6493.11 6368.84 8352.38 4742.53 1619.42 9980.29 4851.81 7987.13 5507.51 1990.35 4487.67 1564.52 6456.03 7348.82 1855.88 6190.62 3429.09 2204.39 5333.68 7948.56 6981.35 3389.14 5351.3 6757.67 8076.13 6704.34 6960.48 4936.98 7746.38 2712.85 6146.72 7106.08 9067.72 7912.44 8562.29 6629.93 6055.18 7231.32 5493.13 5820.58 6602.44 9738.88 
6890.94 2207.13 4966.13 5238.89 8891.52 5640.77 5020.4 4302.24 380.489 8544.39 4685.29 2934.88 5625.64 7350.94 6501.53 0 4356.45 6346.16 6682.13 4350.13 4728.74 6116.64 6405.07 6351.84 7274.93 6736.37 7845.72 8975.32 5947.37 5736.79 4502.11 9080.89 4997.33 3397.37 368.782 7244.12 7076.8 8409.36 7139.75 7070.99 2501.69 2093.74 3586.33 2937.69 7236.14 1687.11 2497.06 9004.49 8211 1435.73 3394.18 8126.1 8177.12 3538.36 8320.08 7597.94 8536.89 1824.5 3515.13 2362.97 1959.27 6877.73 4660.93 3404.49 6253.46 8873.82 8988.01 3309.22 1510.42 7152.73 7219.19 6361.85 4357.94 1068.41 3412.1 7881.9 7659.45 1828.84 4237.2 8192.4 4318.98 4280.27 6376.82 6758.23 7261.21 7993.8 1014.49 8379.67 2404.76 6663.42 7205.1 901.606 4664.74 8637.58 7111.87 4309.42 9304.32 7541.85 2322.54 8769.62 1257.96 3281.27 11630.9 8528.22 10689.2 3718.08 8574.43 6283.58 10225.5 11104.2 6644.41 7431.27 8786.54 8835.14 2573.85 11235.4 8276.69 8126.17 595.279 6261.38 
6513.49 3820.02 1725.2 2974.85 5958.64 1290.38 2688.61 3470.01 4210.78 5874.23 1646.42 1551.97 3383.09 3351.26 2703.5 4356.45 0 2013.62 2329.43 819.774 864.07 3319.13 3150.68 6144.64 6511.08 7393.54 4819.24 4783.35 1850.51 4693 429.05 6841.83 2719.4 1685.01 4107.13 2903.77 3985.77 8523.88 6665.29 2720.85 2087.95 2323.13 1262.38 4747.61 2898.63 5215.83 1892.79 4986.71 7600.69 5555.18 4141.14 3769.29 4861.23 1865.29 7602.98 4030.66 7714.79 2941.14 1987.51 2714.53 4313.73 5997.22 941.301 5520.26 5865.92 4670.99 4633.44 2640.82 2854.34 5471.38 2893.69 2961.94 3184.02 5201.34 2913.31 3563.87 5322.09 4202.27 3840.76 5051.85 5649.75 2163.01 3553.37 7364.76 3670.83 6032.45 3500.04 4685.07 3137.62 3716.72 4637.18 5088.6 1212.95 5198.36 2951.02 1536.15 5258.76 5850.25 4344.45 4414.83 3476.94 4053.45 7864.46 5421.97 6809.84 2257.29 6094.04 2018.96 6194.17 7140.06 6540.09 5785.81 6731.24 5543.53 3378.92 7274.86 4631.27 4707.65 4639.31 7089.68 
7589.86 5758.39 2125.12 3288.7 5692.61 733.698 3114.79 4916.74 6175.32 5817.69 2324.04 3557.52 4185.1 2438.68 1612.89 6346.16 2013.62 0 396.691 2382.75 2055.25 3044.11 3261.59 7328.42 7429.74 8753.28 4663.12 3277.13 872.081 5766.58 2012.08 6949.09 3165.86 3532.82 6078 1192.03 3969.21 9614.43 7687.35 966.708 3952.58 4272.14 2909.27 6612.47 888.741 7220.82 3905.53 3740.7 8472.65 7569.17 5889.5 1830.32 4439.28 3305.59 8428.45 3526.95 8483.63 4799.39 3742.91 4673.02 6280 6929.26 2189.5 7369.89 7017.01 3150.4 2719.53 4401.28 4835.76 6092.72 1264.03 3002.78 4587.75 7138.09 4241.34 1549.54 5580.24 6178.05 5342.34 4755.69 7338.52 3569.54 3161.39 8710.91 3237.86 6412.05 5444.83 3197.79 4803.82 3156.46 4873.04 7098.08 2004.73 4599.81 1846.12 2555.42 3944.66 6406.47 6275.1 2503.41 5378.38 5821.85 6693.91 5093.31 5582.51 3907.52 6137.03 1108.69 4825.98 5799.79 7717.17 6378.29 6965.2 5032.73 5271.63 5930.74 3911.24 4214.91 6588.38 8524.73 
7588.53 6003.29 2518.57 3659.6 5455.14 1040.47 3494.08 5030.09 6521.77 5614.94 2720.17 3851.85 4178.52 2161.38 1869.3 6682.13 2329.43 396.691 0 2605.69 2251.37 3364.42 3152.39 7353.44 7395.91 8809.35 4461.31 2888.32 1240.92 5783.44 2274.8 6764.58 3546.59 3767.08 6422.29 807.04 3809.62 9604.67 7673.35 582.168 4316.41 4621.12 3286.61 6823.84 599.473 7504.73 4220.08 3376.34 8422.35 7880.01 6067.35 1457.25 4194.43 3697.19 8368.86 3288.7 8412.17 5166.69 3949.26 4933.39 6536.98 6902.73 2378.47 7572.45 7037.63 2762.51 2341.55 4597.84 5174.41 6013.76 892.786 2891.87 4696.11 7494.04 4638.23 1282.86 5438.96 6440.84 5462.37 4526.15 7490.69 3703.6 3462.16 8763.9 3021.46 6281.71 5797.59 3250.22 5190.38 3433.24 4740.21 7418.09 2400.62 4322.31 1560.71 2951.42 3570.63 6311.62 6514.31 2124.87 5740.12 6005.88 6324.24 4852.88 5210.39 4085.42 5949.67 1008.22 4442.82 5415.74 7737.72 6289.17 6802.25 4763.63 5500.64 5546.53 3623.96 3960.81 6940.14 8601.71 
5702.85 3400.08 2544.63 3790.6 5298.65 1669.86 3503.05 2704.31 4274.41 5166.58 2465.17 1416.15 2573.48 3032.62 3395.31 4350.13 819.774 2382.75 2605.69 0 384.721 4130.8 2493.85 5344.69 5692.38 6629.49 4157.48 4624.36 2479.36 3876.53 457.004 6089.01 3530.98 1162.5 4157.82 2988.05 3316.58 7718.73 5851.57 2849.58 2424.78 2506.74 1894.13 4228.94 3204.62 4948.41 1871.33 4696.76 6780.75 5400.29 3522.45 3938.87 4273.01 2524.76 6782.4 3506.78 6894.27 3222.9 1361.02 2349.1 3941.66 5178.39 313.051 4986.48 5061.14 4523.19 4747.89 2023.12 2927.65 4661.05 2938.14 2341.28 2403.67 5294.47 3545.58 3888.14 4559.48 3852.4 3096.46 4422.19 5000.72 1365.62 4361.37 6598.18 3146.23 5245.65 3624.43 5339.52 3582.96 4513.75 3890.02 4978.66 2033.96 4653.92 2761.23 2331.23 4988.54 5043.64 3909 4533.86 3674.98 3448.99 7467.61 4791.32 6456.61 1557.15 5361.13 1969.47 5919.46 6832.4 5740.52 4977.73 5959.76 4961.67 2895.39 6965.66 4150.99 4148.3 4723.57 6344.01 
5823.05 3768.5 2506.95 3800.08 5103.78 1367.96 3520.72 2921.92 4645.49 5010.71 2470.73 1793.37 2575.81 2681.17 3188.79 4728.74 864.07 2055.25 2251.37 384.721 0 4055.41 2292.53 5492.91 5771.17 6827.79 3963.01 4249.95 2249.4 3985.11 435.372 5979.49 3554.41 1533.23 4530.19 2605.58 3126.76 7849.04 5957.99 2471.06 2730.94 2849.07 2081.76 4572.59 2850.79 5330.82 2241.18 4343.78 6854.46 5786.3 3834.25 3560.85 4030.15 2703.89 6844.69 3228.43 6943.33 3549.3 1697.94 2728.85 4315.6 5257.37 138.798 5323.27 5198.5 4146.97 4364.55 2349.77 3292.57 4654.83 2553.73 2113.1 2605.47 5663.4 3744.16 3533.8 4464.12 4229.1 3332.36 4204.88 5290.03 1561.35 4271.54 6792.17 2865.74 5187.42 3984.99 5093.62 3863.39 4402.02 3775.67 5363.49 2019.21 4387.47 2385.06 2394.05 4631.98 5026.71 4272.95 4150.98 4022.05 3766.89 7146.66 4575.14 6122.7 1852.45 5230.22 1584 5565.16 6486.71 5888.34 4967.77 5876.31 4716.52 3254.01 6620.33 3855.3 3888.88 5092.26 6561.88 
9833.06 6605.37 1603.57 924.1 8683.98 3092.66 1097.46 6765.34 5803.26 8750.35 1764.23 4381 6627.02 5481.04 1566.13 6116.64 3319.13 3044.11 3364.42 4130.8 4055.41 0 6060.1 9461.46 9817.61 10669.8 7609.95 6147.25 2200.42 8008.65 3689.79 9835.06 1125.93 4857.06 5759.23 4141.81 6850.05 11842.2 9982.92 3928.43 3754.02 4239.77 2887.34 7646.32 3424.67 7534.54 4416.99 6718.83 10904.3 7545.34 7239.76 4334.46 7449.41 2638.7 10898.4 6537.12 10998.7 4291.42 5209.4 5547.82 6957.63 9303.4 4174.18 8410.78 9184.41 6021.29 5108.98 5811.6 4810.14 8693.88 4247.3 5817.7 6493.15 6500.75 2823.7 3633.93 8380.48 6812.3 7112.08 7743.25 8754.25 5482.22 266.327 10646.3 6225.32 9162.24 5102.82 2510.79 3810.95 547.493 7669.99 7011.74 2122.23 7637.21 4890 2066.4 6888.84 9053.54 7112.17 4937.98 4872.3 7134.8 9637.06 8092.08 8520.98 5520.35 9038.83 4067.1 7711.22 8671.93 9856.5 9001.75 9795.4 8063.51 6314.44 8797.4 6952.73 7233.81 6076.52 10338.9 
4591.13 4768.29 4653.12 5977.03 2811.23 2975.62 5716.84 2844.08 6425.41 2737.17 4677.19 3678.5 1365.41 1611.7 4836.17 6405.07 3150.68 3261.59 3152.39 2493.85 2292.53 6060.1 0 4452.85 4313.49 6002.67 1669.82 3222.62 3931.23 2917.28 2727.66 3776.63 5755.31 3039.47 6300.23 2843.06 834.089 6556.89 4636.74 2894.22 4879.41 4875.44 4367.41 5164.68 3584.48 6486.92 4146.89 2892.56 5302 7141.21 4218.8 3698.42 1810.67 4993.5 5236.49 1221.73 5268.13 5623.75 2889.47 4069.82 5344.47 3843.89 2243.67 5763.98 4127.49 3177.02 4151.05 3219.51 5175.36 2868.86 2707.32 260 2555.15 7440.03 6028.58 4117.11 2332.4 5321.44 3248.08 1929.3 5290.59 2139.43 6236.83 5945.2 936.462 3151.09 5879.23 6402.9 6057 6298.47 1620.59 6830.17 4218.97 2241.7 1928.2 4656.06 3200.87 3157.91 5149.58 3994.53 5996.07 4219.19 5234.21 2296.89 4345.7 2719.11 2990.91 2159.92 4029.33 4806.06 4809.88 3138.62 3738.94 2495.55 4202.23 4930.69 1897.65 1727.8 6879.03 5893.3 
543.545 4162.2 7859.75 9013.73 4739.64 6778.23 8716.81 2726.36 6614.53 4141.05 7736.75 5356.49 3190.46 6049.48 8673.15 6351.84 6144.64 7328.42 7353.44 5344.69 5492.91 9461.46 4452.85 0 1083.56 1577.46 4393.04 7515.62 7725.27 1570.47 5798.59 3861.68 8735.67 4697.45 6503.64 7230.45 4277.29 2385.77 801.18 7239.53 6570.22 6227.51 6823.42 3522.05 7879.69 5279.32 5580.17 6970 1859.98 6128.4 2974.34 8135.18 5023.23 7364.02 1981.17 5245.12 2214.98 6845.77 4326.04 4576.48 4424.56 1006.73 5358.22 3470.76 324.089 7497.55 8598.99 3849.47 6065.73 2173 7104.3 4676.22 2972.03 7333.94 8128.09 8481.48 3258.99 4536.51 2462.56 4724.58 2409.68 3981.18 9698.4 1511.73 5173.61 2860.12 6532.17 10513.4 7577.38 9858.49 3487.27 6160.79 7341.19 5474.73 6369.82 7516.99 7241.4 2302.93 4057.87 8446.63 6816.49 3094.42 8200.77 4826.89 7753.4 3985.06 3879.39 6359.44 7831 8290.09 395.135 2198.06 3436.18 5311.76 3947.64 8382.48 5692.27 5185.98 6946.78 1603.82 
638.346 5067.22 8237 9458.68 3973.71 6959.16 9165.64 3311.97 7512.23 3363.33 8146.93 5949.31 3253.48 5828.94 8881.32 7274.93 6511.08 7429.74 7395.91 5692.38 5771.17 9817.61 4313.49 1083.56 0 2281.98 3854.92 7137.5 7931.44 1838.54 6127.62 2886.54 9188.57 5238.51 7397.11 7156.41 3941.98 2251.66 462.502 7198.65 7226.38 6930.84 7339.43 4529.81 7875.08 6302.47 6235.36 6512.87 1090.31 7150.86 3880.44 7998.22 4483.87 7917.16 1118.94 4879.18 1290.51 7594.72 4869.91 5328.84 5387.71 513.682 5646.96 4537.03 1046.71 7137.17 8359.79 4498.96 6839.8 1567.62 7021.25 4562.66 3478.58 8285.89 8757.24 8429.21 2610.07 5487.27 3164.43 4139.42 3485.78 4378.06 10040.5 2201.64 4881.4 2007.88 7361.23 10625.8 8298.88 10173 3029.13 7150.87 7725.04 4887.96 6233.19 7968.95 6760.2 1518.11 5025.07 8228.38 7629.98 3992.67 7409.5 4169.32 7071.03 4516.39 3045.8 6387.77 7250.46 7609 1071.49 1446.69 2453.71 4652.92 4780.09 7690.66 5221.22 4682.88 7869.57 2488.33 
1678.89 4709.5 9067.91 10137.1 6222.56 8159.56 9841.69 3926.02 7054.75 5615.32 8914.19 6387.06 4702.24 7607.72 10014.4 6736.37 7393.54 8753.28 8809.35 6629.49 6827.79 10669.8 6002.67 1577.46 2281.98 0 5955.37 9091.81 9077.13 3088.19 7087.06 5157.79 9853.64 5817.54 6960.79 8740.28 5854.38 1750.05 1820.76 8735.29 7474.96 7072.92 7904.74 3801.42 9354.6 5360.64 6520.89 8546.5 2344.42 6173 3639.44 9662.75 6587.65 8388.83 2543.04 6822.19 2800.28 7593.42 5459.91 5412.95 4786.54 2470.63 6690.42 3421.12 1895.88 9072.6 10153.8 4883.46 6793 3694.82 8617.67 6218.05 4226.93 7601.69 9035.64 9974.77 4784.18 4928.97 3558.16 6279.11 2418.26 5272.29 10918.5 80.4984 6745.8 4277.35 7134.55 11908 8355.44 11101.4 5057.68 6339.47 8551.24 7030.38 7905.63 8657.89 8816.55 3753.84 4434.89 9996.8 7445.07 3762.97 9675.27 6359.26 9283.93 5150.58 5315.8 7832.29 9393.46 9821.97 1293.85 3664.7 4725 6845.55 4678.08 9910.15 7266.81 6757.23 7312.6 492.74 
4327.87 5991.85 6273.58 7597.41 1141.74 4520.68 7345.01 3823.25 7909.75 1153.92 6316.81 5271.69 2264.23 2394.09 6276.4 7845.72 4819.24 4663.12 4461.31 4157.48 3963.01 7609.95 1669.82 4393.04 3854.92 5955.37 0 3336.82 5428.96 3164.96 4397.78 2311.28 7386.51 4582.61 7782.06 3927.16 839.776 6049.35 4278.23 4054.18 6515.62 6475.29 6037.78 6156.19 4759.98 7686.65 5728.94 2664.22 4623.72 8415.28 5197.22 4551.49 632.558 6664.24 4502.05 1235.53 4454.77 7230.08 4369.71 5481.41 6541.81 3512.44 3913.04 6623.75 4092.19 3355.62 4707.36 4551.39 6724.82 2293.45 3785.54 1861.32 3628.28 8903.71 7698.34 5148.03 1271.23 6549.66 4128.08 377.69 5921.49 3588.09 7766.01 5883.93 1441.65 2086.09 7419.23 7626.16 7698.5 7798.24 924.76 8167.22 5860.24 1088.94 2955.82 6313.9 2904.68 2379.85 6287.25 4615.64 7561.94 5232.95 4058.43 681.692 3416.13 4129.85 1496.11 3566.99 3438.11 3943.58 4665.11 2424.01 2406.1 1053.52 5450.48 4047.73 1378.64 831.38 8356.57 5984.83 
7548.33 7735.37 5400.49 6537.84 3824.97 3699.33 6381.77 6033.33 8894.98 4259.81 5586.91 6041.32 4585.49 1711.38 4584.19 8975.32 4783.35 3277.13 2888.32 4624.36 4249.95 6147.25 3222.62 7515.62 7137.5 9091.81 3336.82 0 4127.11 6061.49 4525.02 5410.89 6433.64 5648.56 8780.63 2083.76 3238.01 9364.25 7534.87 2309.12 6871.39 7067.72 5961.89 8286.94 2722.71 9415.86 6491.59 807.676 7957.74 9963.09 7369.69 1908.13 2755.27 6462.35 7839.4 2272.56 7791.71 7722.78 5656.83 6838.73 8313.57 6743.96 4313.03 8933.11 7194.76 126.531 1563.18 6165.39 7539.7 5570.6 2021.45 3082.59 5724.39 9911.86 7458.16 2669.07 4606.61 8260.62 6451.75 3148.49 8511.27 5060.48 6198.57 9027.44 2361.18 5418.71 8224.58 5160.88 7889.42 6104.47 4107.53 9572.75 5226.98 2527.58 1864.1 5781.81 811.142 5704.93 8177.52 1569.21 8239.04 7354.06 3495.58 3301.85 2382.67 5616.76 4663.28 2764.76 1564.33 2532.79 7836.81 5740.29 5624.22 2952.88 7171.18 2661.55 1965.26 2516.54 9341.21 9036.71 
8032.33 5664.63 1318.53 2418.88 6489.66 977.68 2253.36 5167.08 5734.65 6576.27 1556.11 3364.98 4680.42 3286.57 949.823 5947.37 1850.51 872.081 1240.92 2479.36 2249.4 2200.42 3931.23 7725.27 7931.44 9077.13 5428.96 4127.11 0 6192.76 2033.5 7682.93 2306.12 3525.75 5649 2048.82 4691.98 10062.4 8152.2 1824.34 3468.66 3853.65 2380.52 6599.22 1528.2 6992.65 3629.51 4611.33 8998.64 7250.56 5971.54 2532.18 5250.42 2654.66 8970.45 4337.68 9045.16 4279.7 3802.69 4554.75 6143.92 7421.91 2387.04 7371.49 7424.66 4000.99 3411.38 4465.57 4444.94 6681.31 2131.07 3679.38 4853.82 6651.22 3505.95 2041.68 6264.46 6026.11 5570.16 5548.52 7468.11 3808.42 2339.56 9041.24 4028.8 7073.37 4991.39 2860.2 4173.27 2373.32 5552.45 6754.74 1340.49 5438.15 2701.61 1848.54 4811.5 7018.3 6190.02 3205.42 4881.1 5888.8 7562.75 5895.51 6451.05 4033 6878.32 1869.78 5684.17 6656.83 8119.57 6978.46 7668.79 5863.13 5230.63 6787.36 4757.02 5033.56 6121.61 8808.9 
1839.45 3563.69 6418.82 7626.1 3803.5 5235.17 7332.79 1527.75 5928.57 3273.84 6320.23 4125.83 1621.83 4527.79 7142.94 5736.79 4693 5766.58 5783.44 3876.53 3985.11 8008.65 2917.28 1570.47 1838.54 3088.19 3164.96 6061.49 6192.76 0 4320.71 3456.13 7354.89 3404.64 5806.1 5663.51 2862.06 3869.72 1974.5 5668.94 5419.43 5149.63 5501.05 3325.49 6307.88 5054.29 4433.4 5580 2927.24 5873.55 2462.11 6577.4 3761.65 6081 2952.83 3819.28 3099.68 5840.2 3038.28 3606.55 3995.92 1333.6 3856.27 3619.49 1253.39 6033.54 7068.16 2715.38 5113.58 1467.68 5539.15 3128.92 1651.89 6788.33 6935.33 6910.8 2301.5 4061.52 1499.73 3532.87 2791.53 2544.09 8237.63 3032.69 3701.07 2337.26 5685.2 8958.4 6519.25 8380.8 2244.7 5769.82 5904.04 4248.67 4816.81 6134.56 5867.11 1828.67 3662.66 6909.01 5931.41 2546.96 7179.69 3722.65 6581.71 2684.16 3145.41 4788.47 6541.47 7107.58 1952.9 1713.2 3109.2 4183.42 3167.23 7213.2 4340.52 3882.07 6321.8 2981.77 
6150.58 3745.42 2116.26 3389.02 5538.12 1281.83 3105.75 3161.55 4389.53 5447.07 2059.28 1595.85 2970.34 3021.68 2942.19 4502.11 429.05 2012.08 2274.8 457.004 435.372 3689.79 2727.66 5798.59 6127.62 7087.06 4397.78 4525.02 2033.5 4320.71 0 6411.85 3137.73 1528.5 4279.02 2749.42 3562.34 8169.26 6295.74 2587.58 2373.14 2542.07 1655.53 4617.58 2866.91 5231.09 2004.49 4675.1 7215.16 5630.8 3945.6 3665.72 4454.41 2273.22 7211.52 3638.7 7318.77 3210.74 1775.46 2662.14 4268.42 5613.42 514.218 5382.37 5512.38 4417.32 4503.89 2440.13 3027.84 5055.88 2718.59 2544.56 2861.31 5397.4 3316.36 3547.17 4892.57 4168.93 3551.5 4636.09 5435.05 1821.52 3915.66 7055.17 3276.41 5607.76 3702.88 4894.39 3476.34 4063.19 4208.09 5186 1614.08 4802.1 2669.26 1963.78 4956.31 5432.89 4263 4288.07 3713.17 3866.97 7518.03 5006.35 6479.06 1998.88 5665.22 1785.35 5891.72 6826.03 6194.46 5370.66 6303.61 5138.32 3265.06 6960.69 4252.9 4307.41 4829.05 6799.64 
3519.44 6970.58 8420.32 9742.33 1600.67 6743.45 9475.01 4778.38 9228.01 1182.02 8428.33 6937.33 3647.16 4701.36 8556.78 9080.89 6841.83 6949.09 6764.58 6089.01 5979.49 9835.06 3776.63 3861.68 2886.54 5157.79 2311.28 5410.89 7682.93 3456.13 6411.85 0 9512.49 6191.92 9101.15 6238.45 2989.69 4605.4 3341.86 6366.7 8254.43 8109.87 7976.57 6778.36 7072.14 8509.55 7349.9 4637.88 3133.64 9323.99 5913.41 6828.62 2724.24 8606.25 2950.31 3536.69 2792.45 8855.32 5891.93 6797.54 7435.65 2861.48 5901.03 7012.31 3674.24 5456.93 6893.94 5836.17 8226.35 1989.18 6096.11 4016.21 4736.94 10147.4 9600.88 7449.41 1534.06 7489.9 4896.91 2334.41 6065.53 5154.67 10005.4 5076.83 3752.22 1119.35 8872.84 9938.07 9432.4 10056.2 2203.74 9195.59 7970.34 2883.56 5268.45 8374.44 4796.03 1661.06 7111.96 6827.06 9074.76 5992.86 4692.13 2113.06 4585.3 5575.45 814.867 5843.18 4994.96 5102.94 3948.95 1781.58 432.866 2473.7 6517.46 5158.71 3494.8 2979.81 9646.67 5373.88 
9142.6 5605.46 1120.25 284.972 8503.62 2946.37 52.8015 6010.22 4679.01 8491.82 1084.33 3477.75 6102.57 5480.62 2122.36 4997.33 2719.4 3165.86 3546.59 3530.98 3554.41 1125.93 5755.31 8735.67 9188.57 9853.64 7386.51 6433.64 2306.12 7354.89 3137.73 9512.49 0 4048.71 4637.07 4353.49 6580.1 11121 9311.62 4128.49 2685.98 3173.43 1952.84 6659.51 3786.44 6444.3 3439.61 6900.82 10280.2 6427.99 6331.19 4774.48 7318.91 1578.2 10292.6 6425.06 10414 3173.75 4416.32 4588.07 5921.21 8677.33 3650.84 7412.78 8476.44 6307.11 5622.88 4968.78 3725.54 8190.64 4430.78 5534.76 5767.04 5377.3 1710.81 4166.23 8009.68 5771.8 6320.66 7569.02 7829.2 4810.68 1380.01 9836.14 6085.8 8742.07 3985.37 3564.62 2686.58 1673.06 7312.32 5894.66 1541.41 7574.04 4926.64 1220.75 7110.14 8569.5 6099.64 5429.05 3749.28 6219.36 9858.04 7932.5 8748.21 4750.74 8742.77 4002.13 7989.37 8962.72 9126.63 8505.5 9425.36 7971.76 5362.68 9093.07 6924.71 7126.91 4950.59 9496.04 
5126.76 2236.58 3261.94 4329.93 5687.99 2806.96 4033.68 1970.88 3391.66 5436.36 3096.72 751.15 2544.85 3981.47 4389.36 3397.37 1685.01 3532.82 3767.08 1162.5 1533.23 4857.06 3039.47 4697.45 5238.51 5817.54 4582.61 5648.56 3525.75 3404.64 1528.5 6191.92 4048.71 0 3266.86 4133.54 3770.16 7080.7 5312.4 4003.91 2076.23 1924.53 2124.69 3088.29 4366.51 3812.34 1164.47 5620.61 6321.02 4314.3 2455.66 5093.73 4841.15 2680.91 6356.18 4209.88 6505.02 2677.04 372.082 1206.67 2781.29 4737.95 1422.71 3854.74 4451.8 5556.29 5888.53 964.749 2143.34 4496.54 4075.3 2974.66 1760.18 4411.53 3539.42 5049.87 4670.23 2696.48 2271.68 4904.02 3967.85 1039.07 5109.69 5796.72 3868.05 5216.12 2843.69 6371 3243.63 5306.01 4089.44 3928.29 2751 5281.76 3808.04 2841.76 5923.71 4899.42 2746.28 5676.6 2979.34 2367.55 8241.58 5257.91 7291.19 721.692 5551.5 3101.47 6837.74 7707.59 5085.83 4812.03 5986.22 5516.59 1737.83 7837.81 4886.18 4767.84 3846.27 5481.86 
7038.18 2341.43 4636.24 4877.14 8846.97 5382.4 4661.97 4336.94 127.142 8520.85 4352.83 2743.03 5590.35 7179.2 6177.65 368.782 4107.13 6078 6422.29 4157.82 4530.19 5759.23 6300.23 6503.64 7397.11 6960.79 7782.06 8780.63 5649 5806.1 4279.02 9101.15 4637.07 3266.86 0 7006.96 6997.42 8612.08 7283.09 6828.21 2186.04 1806.66 3275.97 3160.31 6966.22 2032.45 2287.65 8839.06 8357 1802.51 3531 7872.61 8088.05 3196.54 8458.94 7478.14 8669.67 1470.77 3421.2 2321.49 2174.84 6984.36 4470.87 3677.35 6388.93 8676.44 8741.26 3284.5 1252.68 7197.7 6987.7 6242.78 4364.4 1145.58 3043.84 7603.78 7655.81 2031.87 4309.01 8121.51 4550.52 4197.26 6017.46 6979.25 7135.54 8027.04 670.329 8040.56 2035.64 6306.36 7174.78 1269.07 4351.5 8539.59 6915.71 3978.71 9135.8 7591.82 2527.15 8522.6 891.897 3413.19 11509.5 8463.81 10549.6 3652.23 8568.75 6064.13 10060.7 10953.7 6809.35 7483.62 8820.15 8754.66 2640.2 11085 8154.18 8026.75 578.883 6492.03 
7412.18 6357.43 3317.6 4465.74 4845.17 1685.15 4301.95 5116.87 7113.04 5066.99 3509.01 4343.74 4042 1539.76 2609.15 7244.12 2903.77 1192.03 807.04 2988.05 2605.58 4141.81 2843.06 7230.45 7156.41 8740.28 3927.16 2083.76 2048.82 5663.51 2749.42 6238.45 4353.49 4133.54 7006.96 0 3372.09 9396.97 7470.99 225.397 4965.14 5227.57 3980.6 7096.7 843.282 7936.25 4752.19 2579.72 8140.84 8373.78 6275.64 981.599 3581.77 4435.45 8069.51 2705.98 8089.42 5821.65 4253.82 5334.21 6913.2 6682.22 2710.74 7820.12 6908.78 1957.49 1759.49 4868.11 5753.41 5696.96 141.481 2593.96 4781.14 8105.98 5404.18 1274.35 5007.33 6831.12 5555.78 3940.44 7628.35 3868.19 4223.39 8688.82 2495.06 5864.17 6405.17 3700.26 5903.99 4171.16 4334.85 7935.02 3165.89 3648.57 976.292 3720.22 2766.21 5959.06 6851.13 1545.68 6374.84 6228.6 5519.63 4243.13 4404.89 4328.26 5423.96 1041.73 3635.88 4608.92 7602.42 5951.49 6318.4 4100.62 5825.74 4739.84 2943.5 3336.98 7543.96 8575.06 
4317.58 5303.09 5472.97 6797.55 1982.16 3756.64 6539.76 3210.32 7124.64 1912.56 5504.75 4445.98 1617.49 1917.25 5570.76 7076.8 3985.77 3969.21 3809.62 3316.58 3126.76 6850.05 834.089 4277.29 3941.98 5854.38 839.776 3238.01 4691.98 2862.06 3562.34 2989.69 6580.1 3770.16 6997.42 3372.09 0 6191.24 4318.42 3466.72 5679.19 5648.58 5198.68 5565.55 4174.61 7014.71 4907.32 2718.11 4844.64 7714.34 4604 4117.03 1111.26 5825.68 4753.15 967.021 4750.03 6402.17 3576.35 4717.78 5866.55 3521.89 3074.07 6094.15 3958.54 3224.53 4419.59 3810.89 5914.85 2399.37 3231.39 1044.42 2973.01 8127.4 6858.62 4635.6 1637 5861.77 3562.02 1133.31 5490.04 2799.19 7016.94 5789.2 942.215 2491.23 6613.53 7034.02 6860.89 7065.21 967.175 7440.9 5046.9 1599.09 2400.43 5489.61 3005.47 2612.83 5635.42 4294.16 6747.46 4625.14 4656.48 1492.96 3874.28 3358.69 2188.04 2861.04 3714.21 4373.63 4599.01 2618.95 2995.46 1757.01 4748.41 4490.83 1496.56 1122.04 7575.12 5814.45 
2029.46 6306.79 10241.9 11399.8 5987.22 9103.31 11103.7 5111.53 8711.2 5392.45 10121.7 7725.54 5429.93 8081.96 11013.3 8409.36 8523.88 9614.43 9604.67 7718.73 7849.04 11842.2 6556.89 2385.77 2251.66 1750.05 6049.35 9364.25 10062.4 3869.72 8169.26 4605.4 11121 7080.7 8612.08 9396.97 6191.24 0 1930.78 9432 8909.37 8543.68 9204.93 5473.31 10099.9 7091 7927.41 8713.83 1482.45 7912.46 5166.54 10248.2 6667.85 9737.46 1656.22 7118.75 1823.71 9122.08 6709.07 6878.52 6449.25 2713.93 7718.17 5153.67 2657.22 9369.85 10610.1 6212.19 8328.3 3799.71 9263.17 6803.65 5358.8 9309.07 10472.9 10667.1 4780.28 6584 4827.56 6303.49 4119.05 6360.26 12077.9 1705.15 7132.22 4046.29 8730.36 12812.2 9871.38 12232.8 5264.47 8058.83 9723.68 7036.25 8481.79 9904.05 8947.97 3669.82 6088.45 10480.9 9031.79 5291.33 9297.09 6282.28 9103.9 6370.89 5021.1 8598.05 9373.88 9635.91 1994.51 3626.35 4203.1 6753.02 6193.69 9705.86 7426.45 6881.05 8993.4 2241.67 
258.712 4941.68 8391.01 9585.85 4431.73 7186.36 9291.05 3351.5 7394.66 3821.51 8286.65 6001.01 3500.93 6182.74 9103.42 7139.75 6665.29 7687.35 7673.35 5851.57 5957.99 9982.92 4636.74 801.18 462.502 1820.76 4278.23 7534.87 8152.2 1974.5 6295.74 3341.86 9311.62 5312.4 7283.09 7470.99 4318.42 1930.78 0 7502.8 7250.18 6929.97 7431.06 4322.86 8168.85 6081.25 6257.85 6926.52 1074.54 6929.32 3751.22 8333.03 4909.5 7992.76 1182.8 5267.87 1412.87 7569.53 4939.81 5297.47 5219.65 797.625 5829.44 4260.8 903.009 7530.36 8724.3 4516.67 6799.16 1983.68 7338.13 4879.66 3555.51 8129.19 8797.23 8739.38 3047.98 5329.08 3146.68 4572.79 3191.45 4509.86 10212 1740.18 5251.21 2469.08 7288.54 10885 8290.4 10355.7 3429.78 6961.7 7875.24 5323.6 6563.71 8090.91 7179.26 1969.39 4853.49 8587.01 7567.77 3869 7870.95 4614.69 7523.37 4590.9 3507.35 6667.32 7688.59 8061.54 659.571 1891.69 2908.11 5099.54 4700.98 8144.43 5635.23 5102.05 7734.98 2043.64 
7436.42 6235.42 3091.69 4241.98 4998.16 1481 4076.08 5063.45 6932.87 5200.22 3284.41 4183.73 4047.71 1686.45 2405.01 7070.99 2720.85 966.708 582.168 2849.58 2471.06 3928.43 2894.22 7239.53 7198.65 8735.29 4054.18 2309.12 1824.34 5668.94 2587.58 6366.7 4128.49 4003.91 6828.21 225.397 3466.72 9432 7502.8 0 4769.95 5042.26 3774.63 6996.74 708.357 7796.04 4582.66 2798.2 8196.8 8218.15 6191.7 1089.69 3734.32 4220.83 8130.66 2845.83 8157.5 5625.28 4140.23 5198.64 6786.19 6718.33 2582.55 7727.6 6918.79 2183.7 1917.72 4765.08 5574.7 5760.41 319.507 2639.18 4727.3 7921.27 5184.52 1241.09 5104.48 6700.29 5501.42 4084.11 7565.23 3789.6 4014.94 8685.48 2614.16 5957.82 6220.59 3575.2 5695.12 3969.48 4422.41 7773.11 2944.92 3821.13 1098.52 3498.92 2988.73 6033.66 6734.2 1700.94 6183.9 6140.71 5741.8 4395.26 4628.49 4230.8 5551.17 950.665 3860.94 4834.05 7615.45 6021.13 6432.97 4271.06 5710.43 4965.04 3117.56 3492.17 7360.57 8558.02 
7044 2970.13 2471.6 2958.52 7647.49 3292.31 2695.73 3914.44 2267.16 7447.58 2194.66 1325.08 4607.45 5394.84 3999.56 2501.69 2087.95 3952.58 4316.41 2424.78 2730.94 3754.02 4879.41 6570.22 7226.38 7474.96 6515.62 6871.39 3468.66 5419.43 2373.14 8254.43 2685.98 2076.23 2186.04 4965.14 5679.19 8909.37 7250.18 4769.95 0 487.545 1089.65 4030.96 4834.22 3785.8 992.44 7048.72 8292.89 3873.6 3846.99 5773.66 6681.79 1114.38 8345.31 5932.12 8510.23 855.357 2412.78 2063.62 3243.05 6740.57 2721.46 4764.55 6359.98 6759.45 6656.67 2732.68 1063.99 6571.23 4966.23 4750.72 3770.29 3191.4 1564.35 5452.59 6725.4 3091.4 4110 6804.36 5283.9 3102.61 4020.71 7469.37 5571.78 7291.16 1523.51 5898.73 1186.24 4289.34 6116.7 3353.98 2164.6 7075.37 5030.55 1820.01 7327.99 6974.66 3441.58 6438.43 1426.3 3726.49 9878.38 7169.89 8848.55 2760.35 7590.93 4107.53 8264.17 9199.8 6940.93 6884.81 8058.11 7369.72 2819.61 9334.46 6575.29 6566.34 2653.34 7072.82 
6714.93 2506.72 2926.42 3446.41 7594.57 3583.58 3184.61 3626.11 1902.27 7358.13 2653.72 1203.34 4466.52 5530.86 4435.04 2093.74 2323.13 4272.14 4621.12 2506.74 2849.07 4239.77 4875.44 6227.51 6930.84 7072.92 6475.29 7067.72 3853.65 5149.63 2542.07 8109.87 3173.43 1924.53 1806.66 5227.57 5648.58 8543.68 6929.97 5042.26 487.545 0 1508.03 3565.54 5160.37 3304.71 759.693 7194.23 7983.38 3427.04 3433.97 6074.83 6685.84 1602.39 8044.99 5979.18 8219.17 755.008 2220.05 1665.9 2759.37 6455.48 2816.08 4290.76 6032.21 6959.19 6948.55 2435.51 601.067 6363.69 5216.19 4770.29 3516.16 2878.54 1972.16 5797.14 6592.75 2606.77 3782.12 6781.71 4841.93 2963.03 4506.98 7069.57 5622.83 7115.03 1177.14 6355.84 1369.57 4774.7 6013.33 2914.86 2584.97 7100.42 5210.37 2281.39 7481.57 6768.13 2967.26 6729.85 1172.42 3311.4 9969.98 7142.22 8963.36 2549.91 7476.22 4318.31 8415.31 9336.07 6590.03 6674.3 7892.76 7370.84 2397.55 9469.55 6638.4 6588.33 2320.05 6659.69 
